if not game:IsLoaded() then repeat game.Loaded:Wait() until game:IsLoaded() endif game:GetService("Players").LocalPlayer.PlayerGui.Main:FindFirstChild("ChooseTeam") then	repeat wait()		if game:GetService("Players").LocalPlayer.PlayerGui:WaitForChild("Main").ChooseTeam.Visible == true then			if _G.Team == "Pirate" then				for i, v in pairs(getconnections(game:GetService("Players").LocalPlayer.PlayerGui.Main.ChooseTeam.Container.Pirates.Frame.ViewportFrame.TextButton.Activated)) do                                                                                                					v.Function()				end			elseif _G.Team == "Marine" then				for i, v in pairs(getconnections(game:GetService("Players").LocalPlayer.PlayerGui.Main.ChooseTeam.Container.Marines.Frame.ViewportFrame.TextButton.Activated)) do                                                                                                					v.Function()				end			else				for i, v in pairs(getconnections(game:GetService("Players").LocalPlayer.PlayerGui.Main.ChooseTeam.Container.Pirates.Frame.ViewportFrame.TextButton.Activated)) do                                                                                                					v.Function()				end			end		end	until game.Players.LocalPlayer.Team ~= nil and game:IsLoaded()endlocal foldername = "taidepzai Hub"local filename = "Kaitun Blox Fruit "..game.Players.LocalPlayer.Name.." Config.json"function saveSettings()	local HttpService = game:GetService("HttpService")	local json = HttpService:JSONEncode(_G.AxcScript)	if (writefile) then		if isfolder(foldername) then			if isfile(foldername.."\\"..filename) then				writefile(foldername.."\\"..filename, json)			else				writefile(foldername.."\\"..filename, json)			end		else			makefolder(foldername)			writefile(foldername.."\\"..filename, json)		end	endendfunction loadSettings()	local HttpService = game:GetService("HttpService")	if isfile(foldername.."\\"..filename) then		_G.AxcScript = HttpService:JSONDecode(readfile(foldername.."\\"..filename))	endendloadSettings()_G.AxcScript = {	AutoFarm = true;}local CodeApi = loadstring(game:HttpGet('https://raw.githubusercontent.com/AXCScript/Src/main/CodeBloxFruit'))()function Redeem(value)	game:GetService("ReplicatedStorage").Remotes.Redeem:InvokeServer(value)endlocal Notification = require(game:GetService("ReplicatedStorage").Notification)Notification.new("<Color=Yellow>Welcome "..game.Players.LocalPlayer.Name.." taidepzai Hub Premium Kaitub Wait Run Script <Color=/>"):Display()function AutoHaki()	if not game:GetService("Players").LocalPlayer.Character:FindFirstChild("HasBuso") then		print("Buso")		game:GetService("ReplicatedStorage").Remotes.CommF_:InvokeServer("Buso")	endendfunction Click()	local bc = game:GetService("VirtualUser")	bc:CaptureController()	bc:ClickButton1(Vector2.new(851, 158), game:GetService("Workspace").Camera.CFrame)endAutoHaki()function TeleportTopos(Pos)    Distance = (Pos.Position - game.Players.LocalPlayer.Character.HumanoidRootPart.Position).Magnitude    if game.Players.LocalPlayer.Character.Humanoid.Sit == true then game.Players.LocalPlayer.Character.Humanoid.Sit = false end    pcall(function() tween = game:GetService("TweenService"):Create(game.Players.LocalPlayer.Character.HumanoidRootPart,TweenInfo.new(Distance/250, Enum.EasingStyle.Linear),{CFrame = Pos}) end)    tween:Play()    if Distance <= 2000 then    tween:Cancel()    game.Players.LocalPlayer.Character.HumanoidRootPart.CFrame = Pos    end    if _G.StopTween == true then    tween:Cancel()    _G.Clip = false    end    endfunction TweentoMon(Pos)	if game.Players.LocalPlayer.Character:FindFirstChild("Root") then		game.Players.LocalPlayer.Character:FindFirstChild("Root"):Destroy()	end	TeleportTopos(CFrame.new(game.Players.LocalPlayer.Character.HumanoidRootPart.CFrame.X,Pos.Y,game.Players.LocalPlayer.Character.HumanoidRootPart.CFrame.Z))	Distance = (Pos.Position - game.Players.LocalPlayer.Character.HumanoidRootPart.Position).Magnitude	if game.Players.LocalPlayer.Character.Humanoid.Sit == true then game.Players.LocalPlayer.Character.Humanoid.Sit = false end	pcall(function() tween = game:GetService("TweenService"):Create(game.Players.LocalPlayer.Character.HumanoidRootPart,TweenInfo.new(Distance/210, Enum.EasingStyle.Linear),{CFrame = Pos}) end)	tween:Play()	if Distance <= 250 then		tween:Cancel()		game.Players.LocalPlayer.Character.HumanoidRootPart.CFrame = Pos	end	if _G.StopTween == true then		tween:Cancel()		_G.Clip = false	endendfunction TweentoIsland(Pos)    TeleportTopos(CFrame.new(game.Players.LocalPlayer.Character.HumanoidRootPart.CFrame.X,Pos.Y,game.Players.LocalPlayer.Character.HumanoidRootPart.CFrame.Z))    local r = game:GetService("Players").LocalPlayer    local xTweenPosition = {}    if not game.Players.LocalPlayer.Character:FindFirstChild("Root")then         local K = Instance.new("Part",game.Players.LocalPlayer.Character) -- Create part        K.Size = Vector3.new(14,1,14)        K.Name = "Root"        K.Anchored = true        K.Transparency = 1        K.BrickColor = BrickColor.new("Really blue")        K.CanCollide = false        K.CFrame = game.Players.LocalPlayer.Character.HumanoidRootPart.CFrame*CFrame.new(0,-4,0) --spawn at player    end    local Tween_Service = game:service"TweenService"    local TweenPosition = (Pos.Position - game.Players.LocalPlayer.Character.HumanoidRootPart.Position).Magnitude -- diatance     local Magnitude=TweenInfo.new((game:GetService("Players")["LocalPlayer"].Character.Root.Position-Pos.Position).Magnitude/300,Enum.EasingStyle.Linear) -- Create Tween    local function PartToPlayers() --teleport part to player        game.Players.LocalPlayer.Character.Root.CFrame = game.Players.LocalPlayer.Character.HumanoidRootPart.CFrame    end        local function PlayersToPart() -- teleport player to part        game.Players.LocalPlayer.Character.HumanoidRootPart.CFrame = game.Players.LocalPlayer.Character.Root.CFrame    end        function xTweenPosition:Stop() --stop tween            tween:Cancel()        return tween    end    if game.Players.LocalPlayer.Character.Humanoid.Sit == true then         game.Players.LocalPlayer.Character.Humanoid.Sit = false     end    if TweenPosition <= 10 then        pcall(function()            tween:Cancel()            game.Players.LocalPlayer.Character.Root.CFrame = Pos        end)    end    Tween = true    spawn(function()        pcall(function()        while task.wait() do -- or RenderStepped                if Tween then                    PlayersToPart()                if(game.Players.LocalPlayer.Character.Root.Position-game.Players.LocalPlayer.Character.HumanoidRootPart.Position).Magnitude >= 1 then                    PartToPlayers()                end                if Tween == false then                    game.Players.LocalPlayer.Character:FindFirstChild("Root"):Destroy()                end                end            end        end)    end)    local tween,error = pcall(function()        tween=Tween_Service:Create(            game.Players.LocalPlayer.Character["Root"],Magnitude,{CFrame=Pos})        tween:Play()     end)    if not tween then return error end    return xTweenPosition    endfunction CheckQuest()	local Id = game.PlaceId	local Level = game:GetService("Players").LocalPlayer.Data.Level.Value	if Id == 2753915549 then		if Level == 1 or Level <= 9 then			SkipTele = false			Mon = "Bandit [Lv. 5]"			MonPos = CFrame.new(1198.5999755859375, 38.06475830078125, 1543.47119140625)			LQuest = 1			NQuest = "BanditQuest1"			NameMon = "Bandit"			CFrameQuest = CFrame.new(1059.37195, 15.4495068, 1550.4231, 0.939700544, -0, -0.341998369, 0, 1, -0, 0.341998369, 0, 0.939700544)		elseif Level == 10 or Level <= 14 then			Mon = "Monkey [Lv. 14]"			MonPos = CFrame.new(-1403.5555419921875, 98.59825134277344, 90.24476623535156)			LQuest = 1			NQuest = "JungleQuest"			NameMon = "Monkey"			CFrameQuest = CFrame.new(-1598.08911, 35.5501175, 153.377838, 0, 0, 1, 0, 1, -0, -1, 0, 0)		elseif Level == 15 or Level <= 29 then			Mon = "Gorilla [Lv. 20]"			MonPos = CFrame.new(-1320.2811279296875, 81.85315704345703, -458.73248291015625)			LQuest = 2			NQuest = "JungleQuest"			NameMon = "Gorilla"			CFrameQuest = CFrame.new(-1598.08911, 35.5501175, 153.377838, 0, 0, 1, 0, 1, -0, -1, 0, 0)		elseif Level == 30 or Level <= 39 then			Mon = "Pirate [Lv. 35]"			MonPos = CFrame.new(-1140.37109375, 53.04805374145508, 3972.119384765625)			LQuest = 1			NQuest = "BuggyQuest1"			NameMon = "Pirate"			CFrameQuest = CFrame.new(-1141.07483, 4.10001802, 3831.5498, 0.965929627, -0, -0.258804798, 0, 1, -0, 0.258804798, 0, 0.965929627)		elseif Level == 40 or Level <= 59 then			Mon = "Brute [Lv. 45]"			MonPos = CFrame.new(-1133.1185302734375, 94.3675537109375, 4307.36376953125)			LQuest = 2			NQuest = "BuggyQuest1"			NameMon = "Brute"			CFrameQuest = CFrame.new(-1141.07483, 4.10001802, 3831.5498, 0.965929627, -0, -0.258804798, 0, 1, -0, 0.258804798, 0, 0.965929627)		elseif Level == 60 or Level <= 74 then			Mon = "Desert Bandit [Lv. 60]"			MonPos = CFrame.new(978.1805419921875, 21.926359176635742, 4407.97119140625)			LQuest = 1			NQuest = "DesertQuest"			NameMon = "Desert Bandit"			CFrameQuest = CFrame.new(894.488647, 5.14000702, 4392.43359, 0.819155693, -0, -0.573571265, 0, 1, -0, 0.573571265, 0, 0.819155693)		elseif Level == 75 or Level <= 89 then			Mon = "Desert Officer [Lv. 70]"			MonPos = CFrame.new(1558.972900390625, 15.365246772766113, 4280.10302734375)			LQuest = 2			NQuest = "DesertQuest"			NameMon = "Desert Officer"			CFrameQuest = CFrame.new(894.488647, 5.14000702, 4392.43359, 0.819155693, -0, -0.573571265, 0, 1, -0, 0.573571265, 0, 0.819155693)		elseif Level == 90 or Level <= 99 then			Mon = "Snow Bandit [Lv. 90]"			MonPos = CFrame.new(1352.8118896484375, 105.67132568359375, -1324.64697265625)			LQuest = 1			NQuest = "SnowQuest"			NameMon = "Snow Bandit"			CFrameQuest = CFrame.new(1389.74451, 88.1519318, -1298.90796, -0.342042685, 0, 0.939684391, 0, 1, 0, -0.939684391, 0, -0.342042685)		elseif Level == 100 or Level <= 119 then			Mon = "Snowman [Lv. 100]"			MonsPos = CFrame.new(1201.8741455078125, 144.61459350585938, -1546.5943603515625)			LQuest = 2			NQuest = "SnowQuest"			NameMon = "Snowman"			CFrameQuest = CFrame.new(1389.74451, 88.1519318, -1298.90796, -0.342042685, 0, 0.939684391, 0, 1, 0, -0.939684391, 0, -0.342042685)		elseif Level == 120 or Level <= 149 then			Mon = "Chief Petty Officer [Lv. 120]"			MonPos = CFrame.new(-4855.8466796875, 23.68708038330078, 4308.84814453125)			LQuest = 1			NQuest = "MarineQuest2"			NameMon = "Chief Petty Officer"			CFrameQuest = CFrame.new(-5039.58643, 27.3500385, 4324.68018, 0, 0, -1, 0, 1, 0, 1, 0, 0)		elseif Level == 150 or Level <= 174 then			Mon = "Sky Bandit [Lv. 150]"			MonPos = CFrame.new(-4951.14501953125, 295.77923583984375, -2899.656005859375)			LQuest = 1			NQuest = "SkyQuest"			NameMon = "Sky Bandit"			CFrameQuest = CFrame.new(-4839.53027, 716.368591, -2619.44165, 0.866007268, 0, 0.500031412, 0, 1, 0, -0.500031412, 0, 0.866007268)		elseif Level == 175 or Level <= 189 then			Mon = "Dark Master [Lv. 175]"			MonPos = CFrame.new(-5224.60107421875, 429.73699951171875, -2280.69677734375)			LQuest = 2			NQuest = "SkyQuest"			NameMon = "Dark Master"			CFrameQuest = CFrame.new(-4839.53027, 716.368591, -2619.44165, 0.866007268, 0, 0.500031412, 0, 1, 0, -0.500031412, 0, 0.866007268)		elseif Level == 190 or Level <= 209 then			Mon = "Prisoner [Lv. 190]"			MonsPos = CFrame.new(5285.59033203125, 88.68693542480469, 476.51483154296875)			LQuest = 1			NQuest = "PrisonerQuest"			NameMon = "Prisoner"			CFrameQuest = CFrame.new(5308.93115, 1.65517521, 475.120514, -0.0894274712, -5.00292918e-09, -0.995993316, 1.60817859e-09, 1, -5.16744869e-09, 0.995993316, -2.06384709e-09, -0.0894274712)		elseif Level == 210 or Level <= 249 then			Mon = "Dangerous Prisoner [Lv. 210]"			MonsPos = CFrame.new(5543.451171875, 88.6868896484375, 696.1821899414062)			LQuest = 2			NQuest = "PrisonerQuest"			NameMon = "Dangerous Prisoner"			CFrameQuest = CFrame.new(5308.93115, 1.65517521, 475.120514, -0.0894274712, -5.00292918e-09, -0.995993316, 1.60817859e-09, 1, -5.16744869e-09, 0.995993316, -2.06384709e-09, -0.0894274712)		elseif Level == 250 or Level <= 299 then			Mon = "Toga Warrior [Lv. 250]"			MonPos = CFrame.new(-1772.7384033203125, 38.839969635009766, -2745.384521484375)			LQuest = 1			NQuest = "ColosseumQuest"			NameMon = "Toga Warrior"			CFrameQuest = CFrame.new(-1580.04663, 6.35000277, -2986.47534, -0.515037298, 0, -0.857167721, 0, 1, 0, 0.857167721, 0, -0.515037298)                                --[[elseif Level == 275 or Level <= 299 then                            Mon = "Gladiator [Lv. 275]"                            MonPos = CFrame.new(-1283.224853515625, 7.567874908447266, -3253.5498046875)                            LQuest = 2                            NQuest = "ColosseumQuest"                            NameMon = "Gladiator"                            CFrameQuest = CFrame.new(-1580.04663, 6.35000277, -2986.47534, -0.515037298, 0, -0.857167721, 0, 1, 0, 0.857167721, 0, -0.515037298)                                ]]		elseif Level == 300 or Level <= 324 then			Mon = "Military Soldier [Lv. 300]"			MonPos = CFrame.new(-5410.20751953125, 11.10084342956543, 8456.4111328125)			LQuest = 1			NQuest = "MagmaQuest"			NameMon = "Military Soldier"			CFrameQuest = CFrame.new(-5313.37012, 10.9500084, 8515.29395, -0.499959469, 0, 0.866048813, 0, 1, 0, -0.866048813, 0, -0.499959469)		elseif Level == 325 or Level <= 374 then			Mon = "Military Spy [Lv. 325]"			MonPos = CFrame.new(-5800.2548828125, 98.19547271728516, 8781.802734375)			LQuest = 2			NQuest = "MagmaQuest"			NameMon = "Military Spy"			CFrameQuest = CFrame.new(-5313.37012, 10.9500084, 8515.29395, -0.499959469, 0, 0.866048813, 0, 1, 0, -0.866048813, 0, -0.499959469)		elseif Level == 375 or Level <= 399 then			if (game.Players.LocalPlayer.Character.HumanoidRootPart.Position - Vector3.new(61163.8515625, 5.342342376708984, 1819.7841796875)).Magnitude >= 17000 then				game:GetService("ReplicatedStorage").Remotes.CommF_:InvokeServer("requestEntrance",Vector3.new(61163.8515625, 5.342342376708984, 1819.7841796875))			end			SkipTele = true			Mon = "Fishman Warrior [Lv. 375]"			MonPos = CFrame.new(60890.0859375, 95.70665740966797, 1546.843017578125)			LQuest = 1			NQuest = "FishmanQuest"			NameMon = "Fishman Warrior"			CFrameQuest = CFrame.new(61119.890625, 18.50667381286621, 1567.489990234375)		elseif Level == 400 or Level <= 449 then			if (game.Players.LocalPlayer.Character.HumanoidRootPart.Position - Vector3.new(61163.8515625, 5.342342376708984, 1819.7841796875)).Magnitude >= 17000 then				game:GetService("ReplicatedStorage").Remotes.CommF_:InvokeServer("requestEntrance",Vector3.new(61163.8515625, 5.342342376708984, 1819.7841796875))			end			SkipTele = true			Mon = "Fishman Commando [Lv. 400]"			MonPos = CFrame.new(61872.09765625, 75.50736999511719, 1403.5740966796875)			LQuest = 2			NQuest = "FishmanQuest"			NameMon = "Fishman Commando"			CFrameQuest = CFrame.new(61119.890625, 18.50667381286621, 1567.489990234375)		elseif Level == 450 or Level <= 474 then			if (game.Players.LocalPlayer.Character.HumanoidRootPart.Position - Vector3.new(3864.53466796875, 5.4081878662109375, -1925.2999267578125)).Magnitude >= 17000 then				game:GetService("ReplicatedStorage").Remotes.CommF_:InvokeServer("requestEntrance",Vector3.new(3864.53466796875, 5.4081878662109375, -1925.2999267578125))			end			SkipTele = true			Mon = "God's Guard [Lv. 450]"			MonPos = CFrame.new(-4627.390625, 866.9378051757812, -1945.0068359375)			LQuest = 1			NQuest = "SkyExp1Quest"			NameMon = "God's Guard"			CFrameQuest = CFrame.new(-4721.88867, 843.874695, -1949.96643, 0.996191859, -0, -0.0871884301, 0, 1, -0, 0.0871884301, 0, 0.996191859)		elseif Level == 475 or Level <= 524 then			if (game.Players.LocalPlayer.Character.HumanoidRootPart.Position - Vector3.new(-7859.09814, 5544.19043, -381.476196)).Magnitude >= 5000 then				game:GetService("ReplicatedStorage").Remotes.CommF_:InvokeServer("requestEntrance",Vector3.new(-7859.09814, 5544.19043, -381.476196))			end			SkipTele = true			Mon = "Shanda [Lv. 475]"			MonPos = CFrame.new(-7685.2890625, 5567.029296875, -497.586181640625)			LQuest = 2			NQuest = "SkyExp1Quest"			NameMon = "Shanda"			CFrameQuest = CFrame.new(-7859.09814, 5544.19043, -381.476196, -0.422592998, 0, 0.906319618, 0, 1, 0, -0.906319618, 0, -0.422592998)		elseif Level == 525 or Level <= 549 then			if (game.Players.LocalPlayer.Character.HumanoidRootPart.Position - Vector3.new(-7859.09814, 5544.19043, -381.476196)).Magnitude >= 5000 then				game:GetService("ReplicatedStorage").Remotes.CommF_:InvokeServer("requestEntrance",Vector3.new(-7859.09814, 5544.19043, -381.476196))			end			SkipTele = true			Mon = "Royal Squad [Lv. 525]"			MonPos = CFrame.new(-7647.44775390625, 5637.11572265625, -1416.885009765625)			LQuest = 1			NQuest = "SkyExp2Quest"			NameMon = "Royal Squad"			CFrameQuest = CFrame.new(-7906.81592, 5634.6626, -1411.99194, 0, 0, -1, 0, 1, 0, 1, 0, 0)		elseif Level == 550 or Level <= 624 then			if (game.Players.LocalPlayer.Character.HumanoidRootPart.Position - Vector3.new(-7859.09814, 5544.19043, -381.476196)).Magnitude >= 5000 then				game:GetService("ReplicatedStorage").Remotes.CommF_:InvokeServer("requestEntrance",Vector3.new(-7859.09814, 5544.19043, -381.476196))			end			SkipTele = true			Mon = "Royal Soldier [Lv. 550]"			MonPos = CFrame.new(-7831.77197265625, 5622.3154296875, -1777.7586669921875)			LQuest = 2			NQuest = "SkyExp2Quest"			NameMon = "Royal Soldier"			CFrameQuest = CFrame.new(-7906.81592, 5634.6626, -1411.99194, 0, 0, -1, 0, 1, 0, 1, 0, 0)		elseif Level == 625 or Level <= 649 then			if (game.Players.LocalPlayer.Character.HumanoidRootPart.Position - Vector3.new(3864.6884765625, 6.736950397491455, -1926.214111328125)).Magnitude >= 10000 then				game:GetService("ReplicatedStorage"):WaitForChild("Remotes"):WaitForChild("CommF_"):InvokeServer("requestEntrance",Vector3.new(3864.6884765625, 6.736950397491455, -1926.214111328125))			end			SkipTele = true			Mon = "Galley Pirate [Lv. 625]"			MonPos = CFrame.new(5634.70751953125, 95.40705108642578, 4037.620849609375)			LQuest = 1			NQuest = "FountainQuest"			NameMon = "Galley Pirate"			CFrameQuest = CFrame.new(5259.81982, 37.3500175, 4050.0293, 0.087131381, 0, 0.996196866, 0, 1, 0, -0.996196866, 0, 0.087131381)		elseif Level >= 650 then			if (game.Players.LocalPlayer.Character.HumanoidRootPart.Position - Vector3.new(3864.6884765625, 6.736950397491455, -1926.214111328125)).Magnitude >= 20000 then				game:GetService("ReplicatedStorage"):WaitForChild("Remotes"):WaitForChild("CommF_"):InvokeServer("requestEntrance",Vector3.new(3864.6884765625, 6.736950397491455, -1926.214111328125))			end			SkipTele = true			Mon = "Galley Captain [Lv. 650]"			MonPos = CFrame.new(5687.47998046875, 43.858909606933594, 4886.95263671875)			LQuest = 2			NQuest = "FountainQuest"			NameMon = "Galley Captain"			CFrameQuest = CFrame.new(5259.81982, 37.3500175, 4050.0293, 0.087131381, 0, 0.996196866, 0, 1, 0, -0.996196866, 0, 0.087131381)		end	elseif Id == 4442272183 then		if Level == 700 or Level <= 724 then			SkipTele = false			Mon = "Raider [Lv. 700]"			LQuest = 1			NQuest = "Area1Quest"			NameMon = "Raider"			CFrameQuest = CFrame.new(-429.543518, 71.7699966, 1836.18188, -0.22495985, 0, -0.974368095, 0, 1, 0, 0.974368095, 0, -0.22495985)			MonPos = CFrame.new(-746,39,2389)		elseif Level == 725 or Level <= 774 then			Mon = "Mercenary [Lv. 725]"			LQuest = 2			NQuest = "Area1Quest"			NameMon = "Mercenary"			CFrameQuest = CFrame.new(-429.543518, 71.7699966, 